J = 3.0
B = 0.3
Kp = 80
Kd = 30
Ki = 2.5
D = 0.7